2687.88
2667.17
2772.07
2769.17
2852.97
2855.87
2772.82
2889.98
2912.59
2998.48
2826.27
2881.49
2954.05
2898.83
2669.87
2536.18
2550.20
2569.93
2603.20
2647.91
2614.64
2772.51
2906.30
2801.56
2814.88
2832.30
2785.13
2918.93
2901.51
2953.67
2872.45
2773.36
2935.86
3000.43
3161.23
3221.94
3232.46
3183.22
3247.38
3307.31
3297.12
3274.21
3160.40
3095.82
3150.75
3269.70
3282.46
3305.36
3038.30
3015.39
2989.77
2965.95
2897.62
2737.38
2674.06
2752.11
2491.16
2443.23
2504.75
2616.44
2417.86
2508.10
2424.25
2480.26
2510.88
2605.91
2515.67
2420.64
2416.69
2466.14
2470.09
2668.67
2613.88
2597.59
2658.93
2593.64
2395.06
2489.40
2394.62
2474.10
2424.66
2412.40
2693.60
2543.15
2741.73
2639.95
2398.15
2474.84
2683.43
2498.30
2600.07
2785.21
3027.00
3076.45
3237.24
3028.65
2949.85
2751.26
2726.87
2925.45
2683.65
2708.05
2605.48
2732.78
2838.94
2806.29
2938.86
2690.50
2776.99
2753.21
2818.17
2825.43
2992.81
2981.51
2827.43
2885.10
2938.35
3092.42
3211.37
3124.88
3199.73
3118.88
3091.69
3136.72
3009.42
3111.13
3100.20
3150.22
